0.160931174,0.486666667,0.2,0,0,0.35,0.363636364,0,0,0,1,0
0.237854251,0.733333333,0.6,0,1,0.025,0.818181818,0.428571429,0,0,0,1
0.208502024,0.466666667,0.3,0,1,0.3,1,0,0,0,1,0
0.19534413,0.6,0.3,0,1,0.3,0.727272727,0,0,0,1,0
0.301619433,0.533333333,0.1,1,0,0.825,0.272727273,0,0,1,0,0
0.303643725,0.7,0.4,0,0,0.125,0.181818182,0.714285714,0,0,0,1
0.214574899,0.8,0.7,0,0,0.125,0.727272727,0.571428571,0,0,0,1
0.237854251,0.866666667,0.9,0,0,0.05,0.818181818,0.857142857,1,0,0,0
0.259109312,0.866666667,0.8,0,0,0.125,1,0.857142857,1,0,0,0
0.281376518,0,0.3,1,1,0.75,0.363636364,0,0,1,0,0
0.197368421,0.6,0.2,0,1,0.35,0,0,0,0,1,0
0.33805668,0.7,0.8,0,1,0.15,0.181818182,0.714285714,1,0,0,0
0.164979757,0.4,0.3,0,0,0.275,0.636363636,0,0,0,1,0
0.177125506,0,0.1,0,1,0.4,0.545454545,0,0,0,1,0
0.36437247,0,0.3,1,1,0.925,0.909090909,0,0,1,0,0
0.163967611,0.466666667,0.4,0,0,0.275,0.636363636,0,0,0,1,0
0.212550607,0.666666667,0.6,0,0,0.15,0.363636364,0.571428571,1,0,0,0
0.268218623,0.466666667,0.1,1,0,0.825,0.181818182,0,0,1,0,0
0.292510121,0.766666667,0.8,0,1,0.175,0.454545455,0.571428571,1,0,0,0
0.222672065,0.38,0.5,0,0,0.35,0.181818182,0,0,0,1,0
0.177125506,0.766666667,0.8,0,1,0.175,0.363636364,0.571428571,0,0,0,1
0.193319838,0.766666667,1,0,1,0.025,0.636363636,1,1,0,0,0
0.219635628,0.733333333,1,0,1,0,0.727272727,1,1,0,0,0
0.277327935,0.833333333,0.9,0,1,0.1,0.818181818,0.857142857,1,0,0,0
0.263157895,0.833333333,0.8,0,0,0.125,0.272727273,0.428571429,0,0,0,1
0.217611336,0.366666667,0.2,0,1,0.3,0.363636364,0,0,0,1,0
0.215587045,0.8,0.5,0,1,0.125,0.454545455,0.714285714,0,0,0,1
0.244939271,0.8,0.9,0,1,0.125,0.545454545,0.714285714,1,0,0,0
0.159919028,0.4,0.4,0,1,0.4,0,0,0,0,1,0
0.569838057,0,0.3,1,1,0.875,0.181818182,0,0,1,0,0
0.284412955,0.633333333,0.9,0,1,0.075,0.818181818,0.857142857,1,0,0,0
0.240890688,0.8,0.8,0,1,0.2,0.727272727,0.714285714,0,0,0,1
0.571862348,0.733333333,0.9,0,0,0.05,0.818181818,1,1,0,0,0
0.133603239,0.566666667,0.2,1,1,0.775,0.636363636,0,0,1,0,0
0.355263158,0.733333333,0.5,0,0,0.225,0.181818182,0.428571429,0,0,0,1
0.867408907,0.5,0.2,1,0,0.8,0.818181818,0,0,1,0,0
0.192307692,0.766666667,0.7,0,1,0.05,0.181818182,0.571428571,0,0,0,1
0.322874494,0.533333333,0.2,1,1,0.875,0.181818182,0,0,1,0,0
0.163967611,0.286666667,0.1,0,0,0.325,0.272727273,0,0,0,1,0
0.26417004,0.533333333,0.4,1,0,0.925,0.181818182,0,0,1,0,0
0.657894737,0.633333333,0,1,1,0.925,0,0,0,1,0,0
0.220647773,0.846666667,0.7,0,0,0.125,0.818181818,0.428571429,0,0,0,1
0.187246964,0.486666667,0.2,0,1,0.325,0.454545455,0,0,0,1,0
0.206477733,0.786666667,0.8,0,0,0.175,0.545454545,0.714285714,0,0,0,1
0.204453441,0.733333333,0.8,0,0,0.075,0,0.714285714,0,0,0,1
0.196356275,0.566666667,0.2,1,1,0.8,0.454545455,0,0,1,0,0
1,0,0.1,1,1,0.95,0.454545455,0,0,1,0,0
0.301619433,0.866666667,0.8,0,0,0.2,0.818181818,0.428571429,1,0,0,0
0.332995951,0,0.3,1,1,0.925,0,0,0,1,0,0
0.211538462,0.833333333,0.7,0,1,0.1,0.454545455,0.714285714,0,0,0,1
0.16194332,0.493333333,0.2,0,0,0.325,0.454545455,0,0,0,1,0
0.087044534,0.666666667,0.2,1,0,0.8,1,0,0,1,0,0
0.191295547,0,0.1,1,1,0.875,0.363636364,0,0,1,0,0
0.144736842,0.533333333,0.1,1,1,0.825,1,0,0,1,0,0
0.159919028,1,1,0,0,0.025,0.818181818,1,1,0,0,0
0.21659919,0.866666667,0.8,0,0,0.125,0.454545455,0.857142857,0,0,0,1
0.307692308,0.426666667,0.1,1,1,0.925,0.181818182,0,0,1,0,0
0.901821862,0.533333333,0.4,1,0,1,0,0,0,1,0,0
0.141700405,0.52,0.3,0,0,0.375,0.363636364,0,0,0,1,0
0.199392713,0.733333333,0.6,0,1,0.15,0.909090909,0.428571429,0,0,0,1
0.546558704,0.513333333,0.2,1,0,0.95,0.909090909,0,0,1,0,0
0.185222672,0.466666667,0.2,0,0,0.275,0.545454545,0,0,0,1,0
0.175101215,0,0.1,1,0,0.85,0.818181818,0,0,1,0,0
0.246963563,0.7,0.7,0,0,0.2,0.818181818,0.571428571,1,0,0,0
0.23582996,0.833333333,0.5,0,1,0.1,0,0.571428571,0,0,0,1
0.192307692,0.82,0.7,0,1,0.15,0.636363636,0.571428571,0,0,0,1
0.183198381,0,0.2,0,1,0.35,0.363636364,0,0,0,1,0
0.247975709,0.333333333,0.4,0,0,0.35,0.454545455,0,0,0,1,0
0.231781377,0.846666667,0.7,0,0,0.15,0.272727273,0.857142857,0,0,0,1
0.20951417,0.773333333,0.7,0,0,0.075,0.272727273,0.428571429,0,0,0,1
0.177125506,0.766666667,0.7,0,1,0.225,0.363636364,0.571428571,0,0,0,1
0.227732794,0.553333333,0.2,0,1,0.3,0.272727273,0,0,0,1,0
0.229757085,0.933333333,0.9,0,0,0.075,0.636363636,0.857142857,1,0,0,0
0.171052632,1,0.8,0,0,0.175,0.363636364,0.285714286,1,0,0,0
0.786437247,0.513333333,0.1,1,0,0.85,0.181818182,0,0,1,0,0
0.207489879,0.533333333,0.1,0,1,0.425,0.909090909,0,0,0,1,0
0.243927126,0.866666667,0.7,0,1,0.2,0.363636364,0.571428571,1,0,0,0
0.16902834,0.5,0.2,0,1,0.3,0.090909091,0,0,0,1,0
0.207489879,0.666666667,0.8,0,1,0.175,0.454545455,0.428571429,0,0,0,1
0.293522267,0.9,0.9,0,0,0.15,0.272727273,0.428571429,1,0,0,0
0.243927126,0.486666667,0.1,1,1,0.95,0.363636364,0,0,1,0,0
0.196356275,0,0.2,1,0,0.95,1,0,0,1,0,0
0.324898785,0.8,0.7,0,0,0.175,0.454545455,0.571428571,1,0,0,0
0.204453441,0.833333333,0.6,0,0,0.2,0.181818182,0.857142857,0,0,0,1
0.236842105,0.9,0.8,0,0,0.125,0.636363636,0.714285714,1,0,0,0
0.24291498,0.733333333,0.9,0,1,0.2,0.545454545,0.571428571,0,0,0,1
0.218623482,0.8,0.7,0,1,0.05,0.636363636,0.714285714,0,0,0,1
0.37145749,0,0.3,0,0,0.325,0.272727273,0,0,0,1,0
0.599190283,0.333333333,0.2,1,1,0.8,0.636363636,0,0,1,0,0
0.336032389,0.733333333,0.8,0,1,0.1,0.545454545,0.857142857,1,0,0,0
0.141700405,0,0.5,0,1,0.25,0.818181818,0,0,0,1,0
0.172064777,0.566666667,0.3,0,1,0.3,0.272727273,0,0,0,1,0
0.189271255,0,0.4,0,1,0.45,0.272727273,0,0,0,1,0
0.231781377,0.933333333,0.9,0,0,0.075,0.727272727,0.714285714,1,0,0,0
0.269230769,0.733333333,0.7,0,1,0.2,0,0.285714286,1,0,0,0
0.234817814,0.633333333,0.8,0,1,0.175,0.272727273,0.428571429,1,0,0,0
0.279352227,0.466666667,0.1,1,0,0.85,0.181818182,0,0,1,0,0
0.201417004,0.766666667,0.7,0,0,0.2,0.636363636,0.714285714,1,0,0,0
0.199392713,0.493333333,0.4,0,0,0.4,0,0,0,0,1,0
0.245951417,0.833333333,0.8,0,0,0.1,0.636363636,0.714285714,0,0,0,1
