-0.4426509441309292 0.4613853138496473 -0.49063718203054507 -0.8512276362777207 0.6131485066098488 -0.3800518260688319 0.015516958329409247 -0.5564358190087986 0.039197055619809795 0.4962784562931717 0.7816784143643953 -0.4893273409361689 -0.45902685063929294 0.8874978164764724 0.326112172612224 -0.030461169351897244 -0.3156909490988089 -0.47416420206006693 0.376674874475714 0.5312386314813795 0.01186086284765353 -0.5725479305160754 -0.37061690572635597 0.6640989653311413 -0.06577517287587797 0.5182007666477861 -0.7076182489931244 
-0.4426509441309292 0.4613853138496473 -0.49063718203054507 -0.8512276362777207 0.6131485066098488 -0.3800518260688319 0.015516958329409247 -0.5564358190087986 0.039197055619809795 -0.4426509441309292 -0.289402662597837 0.5621274484182359 0.7245954723152921 0.4638845451584592 0.8071682780270313 -0.8776709913846088 -0.5564358190087986 -0.9557868865630192 0.183061137660683 -0.03066587337587201 0.5782092402450314 -0.787914949824629 0.6131485066098488 -0.25243001819699806 0.015516958329409247 -0.4683725893871771 0.039197055619809795 
-0.4426509441309292 0.4613853138496473 -0.49063718203054507 -0.8512276362777207 0.6131485066098488 -0.3800518260688319 0.015516958329409247 -0.5564358190087986 0.039197055619809795 -0.4426509441309292 0.1387449184307339 -0.49063718203054507 -0.8512276362777207 0.7470005908519906 0.266434484824029 0.8180091298093233 0.24328839869171515 0.039197055619809795 -0.6172511755658552 0.4613853138496473 -0.9215710621249005 0.8170606015572737 0.6131485066098488 -0.3800518260688319 -0.036461849088585296 -0.9167633566345075 0.8309153795330764 
-0.4426509441309292 0.4613853138496473 -0.49063718203054507 -0.8512276362777207 0.6131485066098488 -0.3800518260688319 0.015516958329409247 -0.5564358190087986 0.039197055619809795 -0.21232773018007123 0.5962893016424327 -0.3188922594247954 -0.8512276362777207 0.3444720188578163 0.3176023445341498 -0.7137483504319042 -0.5564358190087986 0.039197055619809795 -0.4426509441309292 0.4613853138496473 -0.49063718203054507 -0.7861992422307851 0.6131485066098488 -0.3800518260688319 0.39603272460507855 0.5791235282049692 0.039197055619809795 
-0.21232773018007123 0.5962893016424327 -0.3188922594247954 -0.8512276362777207 0.3444720188578163 0.3176023445341498 -0.7137483504319042 -0.5564358190087986 0.039197055619809795 0.018844431538117323 0.5962893016424327 -0.3188922594247954 -0.8512276362777207 -0.7054614778970625 -0.44451936410320103 -0.7137483504319042 -0.02825042984247328 0.039197055619809795 -0.21232773018007123 -0.9342919197396251 -0.3188922594247954 -0.8512276362777207 -0.7167647278902558 -0.9950227547992478 -0.7137483504319042 -0.8989296558575208 0.039197055619809795 
-0.21232773018007123 0.5962893016424327 -0.3188922594247954 -0.8512276362777207 0.3444720188578163 0.3176023445341498 -0.7137483504319042 -0.5564358190087986 0.039197055619809795 -0.21232773018007123 0.5962893016424327 0.3620071987754898 0.06394207258612306 -0.40738231807044945 0.7993054032711573 -0.47064770160070335 -0.06979127484118419 0.039197055619809795 -0.21232773018007123 0.5962893016424327 -0.560123983335953 -0.8512276362777207 0.3444720188578163 0.3176023445341498 -0.7137483504319042 -0.5564358190087986 0.039197055619809795 
-0.21232773018007123 0.5962893016424327 -0.560123983335953 -0.8512276362777207 0.3444720188578163 0.3176023445341498 -0.7137483504319042 -0.5564358190087986 0.039197055619809795 -0.2311984388633055 -0.9050686569224415 -0.6533021690069556 0.5291483539954327 0.3444720188578163 0.3176023445341498 -0.7137483504319042 -0.5564358190087986 0.039197055619809795 -0.21232773018007123 -0.9469456139821752 -0.27969800389787736 0.5355475234327263 -0.7987788222871264 0.3176023445341498 -0.7137483504319042 -0.07789022757161934 -0.44464109384020967 
-0.21232773018007123 0.5962893016424327 -0.560123983335953 -0.8512276362777207 0.3444720188578163 0.3176023445341498 -0.7137483504319042 -0.5564358190087986 0.039197055619809795 -0.2311984388633055 0.5962893016424327 0.7572480320591908 0.5291483539954327 -0.3092944978140959 0.3176023445341498 -0.7137483504319042 -0.5564358190087986 -0.5974272387974213 -0.26002504434323703 0.5962893016424327 -0.560123983335953 -0.3867179455933669 0.6320681671908797 0.3176023445341498 0.9656972410919835 -0.6847933569952855 0.49096376560686017 
-0.21232773018007123 0.5962893016424327 -0.560123983335953 -0.8512276362777207 0.3444720188578163 0.3176023445341498 -0.7137483504319042 -0.5564358190087986 0.039197055619809795 -0.8228663538681398 0.5962893016424327 -0.560123983335953 0.5289081847148824 0.6319500277361012 -0.33701414696462306 -0.7137483504319042 -0.5564358190087986 0.039197055619809795 -0.5075052505496533 -0.6746238731163412 0.263390611713785 -0.8512276362777207 -0.12801533950842492 0.3176023445341498 -0.7137483504319042 -0.5564358190087986 0.039197055619809795 
-0.21232773018007123 0.5962893016424327 -0.560123983335953 -0.8512276362777207 0.3444720188578163 0.3176023445341498 -0.7137483504319042 -0.5564358190087986 0.039197055619809795 0.8854854106946453 0.5962893016424327 -0.560123983335953 -0.7990992227357636 0.3444720188578163 0.3176023445341498 -0.7137483504319042 -0.5564358190087986 0.5815676908219369 -0.09215708684289958 -0.37128062398540784 -0.7800154721685071 0.5877010049788314 0.22732963685904561 0.3176023445341498 -0.7137483504319042 -0.5564358190087986 0.6821480345958542 
-0.21232773018007123 0.5962893016424327 -0.560123983335953 -0.8512276362777207 0.3444720188578163 0.3176023445341498 -0.7137483504319042 -0.5564358190087986 0.039197055619809795 -0.21232773018007123 0.5962893016424327 -0.19511947008555275 -0.8512276362777207 0.9286461527561289 0.1937596169849396 -0.7137483504319042 -0.5564358190087986 0.039197055619809795 -0.21232773018007123 0.5962893016424327 -0.560123983335953 -0.8512276362777207 0.04556147225570428 0.7794944909646273 -0.2176080636034914 0.9329146238320885 0.039197055619809795 
-0.21232773018007123 0.5962893016424327 -0.560123983335953 -0.8512276362777207 0.3444720188578163 0.3176023445341498 -0.7137483504319042 -0.5564358190087986 0.039197055619809795 -0.5616518176859879 -0.46745162498914716 -0.560123983335953 -0.8512276362777207 0.058751865545882076 -0.46099367564980476 0.49102778955793225 0.3650942660775236 -0.029612220199602524 -0.21232773018007123 0.6995669464593051 -0.560123983335953 -0.6980166512526198 0.3444720188578163 0.7196073423320168 0.24512679130801707 -0.5564358190087986 -0.963051113798391 
-0.21232773018007123 0.5962893016424327 -0.560123983335953 -0.8512276362777207 0.3444720188578163 0.3176023445341498 -0.7137483504319042 -0.5564358190087986 0.039197055619809795 -0.8520701155712638 -0.6385629111014588 -0.560123983335953 -0.5530691059832897 -0.485635028032793 0.3176023445341498 0.5087800207611084 -0.5564358190087986 0.039197055619809795 -0.21232773018007123 0.5962893016424327 -0.560123983335953 -0.8512276362777207 0.3444720188578163 0.3176023445341498 -0.7137483504319042 -0.7700978725047971 0.900809610032647 
-0.21232773018007123 0.5962893016424327 -0.560123983335953 -0.8512276362777207 0.3444720188578163 0.3176023445341498 -0.7137483504319042 -0.5564358190087986 0.039197055619809795 -0.21232773018007123 0.8808336028403092 -0.9953110752681251 0.9457855035043825 0.3444720188578163 0.3176023445341498 -0.7137483504319042 -0.854002513791541 -0.7502071787955598 -0.7178080212387212 0.5962893016424327 -0.560123983335953 -0.8512276362777207 0.3444720188578163 0.3176023445341498 -0.7137483504319042 0.8146451834843935 0.91754018747722 
-0.21232773018007123 0.5962893016424327 -0.560123983335953 -0.8512276362777207 0.3444720188578163 0.3176023445341498 -0.7137483504319042 -0.5564358190087986 0.039197055619809795 -0.21232773018007123 -0.07986175949569874 -0.560123983335953 -0.8512276362777207 -0.2859075039264958 -0.3944521930759475 -0.9902492305400921 -0.5564358190087986 0.9022180626041107 -0.8099435568410247 0.5962893016424327 -0.560123983335953 -0.8512276362777207 0.3444720188578163 0.3176023445341498 -0.7137483504319042 -0.5564358190087986 -0.20891549055212422 
-0.21232773018007123 0.5962893016424327 -0.560123983335953 -0.8512276362777207 0.3444720188578163 0.3176023445341498 -0.7137483504319042 -0.5564358190087986 0.039197055619809795 -0.21232773018007123 0.044686454797082886 0.8607833144649408 -0.8512276362777207 0.3444720188578163 0.3176023445341498 0.7051010350121187 -0.8622747945645 -0.554673618293307 -0.6237263312391401 0.5962893016424327 0.4147920577492705 -0.8512276362777207 -0.5241022774006778 0.3176023445341498 -0.6869248755581427 0.24151132795299302 -0.08071997483361892 
-0.21232773018007123 0.5962893016424327 -0.560123983335953 -0.8512276362777207 0.3444720188578163 0.3176023445341498 -0.7137483504319042 -0.5564358190087986 0.039197055619809795 -0.6014235277523261 -0.46398047153868194 -0.3667373457425236 -0.8512276362777207 -0.2885120352936392 0.3176023445341498 0.9205233513353266 0.6136447651267758 0.1681525438960474 -0.21232773018007123 0.5962893016424327 -0.560123983335953 -0.07361653593934614 -0.8600833528088159 -0.8670366061067103 -0.5522887645041374 0.8290912646779096 0.17722341349993065 
-0.21232773018007123 0.5962893016424327 -0.560123983335953 -0.8512276362777207 0.3444720188578163 0.3176023445341498 -0.7137483504319042 -0.5564358190087986 0.039197055619809795 0.40608211283800566 0.5962893016424327 -0.560123983335953 -0.8512276362777207 0.3444720188578163 0.3176023445341498 -0.7137483504319042 -0.5564358190087986 0.039197055619809795 -0.7001310024544583 0.5962893016424327 -0.9784938894506985 0.33753877976012103 0.7973079771890019 0.8392064031747724 -0.7137483504319042 0.02336947856612892 0.039197055619809795 
0.40608211283800566 0.5962893016424327 -0.560123983335953 -0.8512276362777207 0.3444720188578163 0.3176023445341498 -0.7137483504319042 -0.5564358190087986 0.039197055619809795 -0.21232773018007123 -0.6489869113200972 -0.560123983335953 -0.852414471109741 0.3444720188578163 0.3176023445341498 -0.44033367727117123 0.1987186949970725 -0.8732532667465851 0.40608211283800566 0.5962893016424327 -0.560123983335953 -0.8512276362777207 -0.26405649442252876 0.3176023445341498 -0.954764772946501 -0.5564358190087986 0.039197055619809795 
0.40608211283800566 0.5962893016424327 -0.560123983335953 -0.8512276362777207 0.3444720188578163 0.3176023445341498 -0.7137483504319042 -0.5564358190087986 0.039197055619809795 0.40608211283800566 -0.7254117678123937 -0.560123983335953 -0.8512276362777207 -0.26405649442252876 0.4292364566513214 -0.7137483504319042 -0.167817387254527 -0.8114548147095719 0.40608211283800566 0.5962893016424327 -0.6775559210762794 -0.8512276362777207 -0.07344236937670368 0.3176023445341498 -0.7137483504319042 -0.5564358190087986 0.26743800976259324 